3 9 2 4 6
2 4 8 3 5
4 9 1 5 5
6 3 5 7 6
2 5 3 7 8
5 7 2 6 5
1 6 7 2 5
3 6 1 8 8
9 7 1 4 4
7 5 1 9 9
9 6 8 1 6
1 2 5 8 4
9 1 2 3 2
5 2 4 9 6
4 1 6 8 6
4 5 8 2 4
9 8 5 2 7
1 7 3 5 6
1 4 2 9 8
1 1 1 1 1
7 2 3 1 2
8 1 5 9 5
1 8 4 3 9
6 8 3 4 5
9 4 3 8 9
5 9 7 8 2
2 3 6 9 4
6 1 9 5 9
2 1 7 4 7
8 2 9 4 8
2 2 2 2 1
8 3 1 2 2
2 7 9 8 3
7 8 2 5 4
7 3 4 8 5
3 4 5 6 2
4 3 2 1 3
8 7 4 1 7
4 2 7 6 9
7 7 7 7 1
3 3 3 3 1
4 6 3 9 7
3 1 4 7 4
1 5 6 4 2
6 9 4 2 8
8 6 2 7 9
4 8 9 7 2
3 8 7 9 3
6 7 8 9 2
5 4 1 7 7
8 9 3 6 4
8 8 8 8 1
4 7 5 3 8
6 2 1 3 3
5 8 6 1 8
6 5 2 8 7
9 2 6 7 5
4 4 4 4 1
2 6 4 5 2
2 9 5 1 9
7 1 8 6 8
8 4 6 5 3
5 1 3 2 3
9 9 9 9 1
6 4 7 1 4
6 6 6 6 1
7 4 9 2 6
2 8 1 6 6
3 5 9 1 5
8 5 7 3 6
5 6 9 3 4
9 5 4 6 3
3 2 8 5 7
3 7 6 2 9
1 9 8 7 3
7 6 5 4 3
1 3 9 6 7
5 5 5 5 1
9 3 7 5 8
5 3 8 4 9
7 9 6 3 7
