5 1 4 7 3 6
5 2 6 3 7 4
4 2 7 5 3 1
6 1 3 5 7 2
4 5 6 7 1 2
3 3 3 3 3 3
7 2 4 6 1 3
2 6 3 7 4 1
3 5 7 2 4 6
2 2 2 2 2 2
6 2 5 1 4 7
5 5 5 5 5 5
7 7 7 7 7 7
4 6 1 3 5 7
4 7 3 6 2 5
7 6 5 4 3 2
2 7 5 3 1 6
2 3 4 5 6 7
5 6 7 1 2 3
3 1 6 4 2 7
7 3 6 2 5 1
1 3 5 7 2 4
1 7 6 5 4 3
7 4 1 5 2 6
2 4 6 1 3 5
6 6 6 6 6 6
6 3 7 4 1 5
5 7 2 4 6 1
7 5 3 1 6 4
5 3 1 6 4 2
2 1 7 6 5 4
2 5 1 4 7 3
3 6 2 5 1 4
7 1 2 3 4 5
1 5 2 6 3 7
5 4 3 2 1 7
3 4 5 6 7 1
3 2 1 7 6 5
4 3 2 1 7 6
4 4 4 4 4 4
1 4 7 3 6 2
6 7 1 2 3 4
1 1 1 1 1 1
4 1 5 2 6 3
3 7 4 1 5 2
1 6 4 2 7 5
6 4 2 7 5 3
6 5 4 3 2 1
1 2 3 4 5 6
