1 8 1 2
5 7 8 6
8 6 6 2
4 3 5 7
3 5 1 5
4 1 7 1
4 4 8 2
8 5 7 7
7 5 5 8
3 6 4 4
7 7 7 2
6 3 2 2
6 1 4 8
5 8 5 3
1 4 5 5
8 1 3 4
6 6 5 6
3 2 8 7
6 2 1 1
7 1 1 3
8 8 8 8
2 7 2 8
2 3 6 3
1 5 2 1
7 6 8 1
7 2 4 6
8 2 2 5
7 8 6 7
4 7 1 4
5 4 1 8
7 4 2 4
8 4 4 3
5 1 2 7
7 3 3 5
5 6 7 5
2 1 8 5
3 3 7 8
2 5 4 2
3 4 6 1
1 2 7 3
5 3 4 1
4 8 4 5
8 7 5 1
4 6 2 3
6 4 3 7
4 2 6 8
1 6 3 8
5 2 3 2
3 8 2 6
3 7 3 3
5 5 6 4
3 1 5 2
2 8 3 1
1 1 6 6
2 4 7 6
6 7 6 5
2 2 5 4
8 3 1 6
1 7 4 7
4 5 3 6
1 3 8 4
2 6 1 7
6 5 8 3
6 8 7 4
