9 6 3 7
1 7 4 7
3 5 7 6
1 4 7 4
8 6 1 8
6 9 3 4
5 1 9 9
4 9 2 6
4 7 1 4
7 2 6 5
6 4 5 2
9 9 9 1
8 7 9 3
5 3 7 8
6 3 9 7
3 8 4 9
1 5 9 5
2 6 7 5
8 2 5 4
7 5 3 8
3 7 5 8
2 3 1 2
2 8 5 7
8 3 4 5
4 3 8 9
1 2 3 2
4 4 4 1
7 3 5 6
1 1 1 1
3 4 8 5
8 9 7 2
4 1 7 7
9 4 2 8
3 9 6 7
4 8 3 5
6 8 1 6
2 7 6 9
5 5 5 1
4 5 6 2
6 5 4 3
2 4 9 6
5 6 4 2
7 9 8 3
3 3 3 1
3 1 2 2
8 8 8 1
8 1 6 6
1 9 5 9
2 5 8 4
9 8 7 3
5 4 6 3
2 2 2 1
5 7 3 6
5 2 8 7
2 1 3 3
1 6 8 6
3 6 9 4
6 7 2 5
1 3 2 3
7 4 1 7
4 6 5 3
9 2 4 6
5 9 1 5
9 3 6 4
7 7 7 1
5 8 2 4
7 8 9 2
7 1 4 4
9 7 8 2
3 2 1 3
7 6 2 9
8 5 2 7
6 6 6 1
9 5 1 9
2 9 4 8
1 8 6 8
9 1 5 5
6 1 8 8
8 4 3 9
6 2 7 9
4 2 9 8
